[1 0.95 0.9 0.85 0.8 0.825 0.7 0.7625 0.73125 0.746875 0.739062 0.742969 0.741016 0.35 0.545508 0.25 0.2 0.15 0.1 0.05 0.075] [0 0 0 0 0 0 1e-05 0 0 0 0 0 0 0.499577 0.090028 0.500205 0.499836 0.500665 0.500168 0.500383 0.500459] [0.499983 0.089746 0.028659 0.010644 0.005502 0.006979 0.02139 0.006802 0.011791 0.008871 0.010264 0.009599 0.009976 0.444747 0.174415 0.387905 0.248242 0.09384 0.014755 0.00041 0.003238]
[1 0.95 0.9 0.85 0.8 0.825 0.7 0.7625 0.73125 0.746875 0.739062 0.742969 0.741016 0.35 0.545508 0.25 0.2 0.15 0.1 0.05 0.075] [0 0 0 0 0 0 1e-05 0 0 0 0 0 0 0.499577 0.090028 0.500205 0.499836 0.500665 0.500168 0.500383 0.500459] [0.499983 0.089746 0.028659 0.010644 0.005502 0.006979 0.02139 0.006802 0.011791 0.008871 0.010264 0.009599 0.009976 0.444747 0.174415 0.387905 0.248242 0.09384 0.014755 0.00041 0.003238]
[1 0.95 0.9 0.85 0.8 0.825 0.7 0.7625 0.73125 0.746875 0.739062 0.742969 0.741016 0.35 0.545508 0.25 0.2 0.15 0.1 0.05 0.075] [0 0 0 0 0 0 1e-05 0 0 0 0 0 0 0.499577 0.090028 0.500205 0.499836 0.500665 0.500168 0.500383 0.500459] [0.499983 0.089746 0.028659 0.010644 0.005502 0.006979 0.02139 0.006802 0.011791 0.008871 0.010264 0.009599 0.009976 0.444747 0.174415 0.387905 0.248242 0.09384 0.014755 0.00041 0.003238]
[1 0.95 0.9 0.85 0.8 0.825 0.7 0.7625 0.73125 0.746875 0.739062 0.742969 0.741016 0.35 0.545508 0.25 0.2 0.15 0.1 0.05 0.075] [0 0 0 0 0 0 1e-05 0 0 0 0 0 0 0.499577 0.090028 0.500205 0.499836 0.500665 0.500168 0.500383 0.500459] [0.499983 0.089746 0.028659 0.010644 0.005502 0.006979 0.02139 0.006802 0.011791 0.008871 0.010264 0.009599 0.009976 0.444747 0.174415 0.387905 0.248242 0.09384 0.014755 0.00041 0.003238]
[1 0.95 0.9 0.85 0.8 0.825 0.7 0.7625 0.73125 0.746875 0.739062 0.742969 0.741016 0.35 0.545508 0.25 0.2 0.15 0.1 0.05 0.075] [0 0 0 0 0 0 1e-05 0 0 0 0 0 0 0.499577 0.090028 0.500205 0.499836 0.500665 0.500168 0.500383 0.500459] [0.499983 0.089746 0.028659 0.010644 0.005502 0.006979 0.02139 0.006802 0.011791 0.008871 0.010264 0.009599 0.009976 0.444747 0.174415 0.387905 0.248242 0.09384 0.014755 0.00041 0.003238]
[1 0.95 0.9 0.85 0.8 0.825 0.7 0.7625 0.73125 0.746875 0.739062 0.742969 0.741016 0.35 0.545508 0.25 0.2 0.15 0.1 0.05 0.075] [0 0 0 0 0 0 1e-05 0 0 0 0 0 0 0.499577 0.090028 0.500205 0.499836 0.500665 0.500168 0.500383 0.500459] [0.499983 0.089746 0.028659 0.010644 0.005502 0.006979 0.02139 0.006802 0.011791 0.008871 0.010264 0.009599 0.009976 0.444747 0.174415 0.387905 0.248242 0.09384 0.014755 0.00041 0.003238]
[1 0.95 0.9 0.85 0.8 0.825 0.7 0.7625 0.73125 0.746875 0.739062 0.742969 0.741016 0.35 0.545508 0.25 0.2 0.15 0.1 0.05 0.075] [0 0 0 0 0 0 1e-05 0 0 0 0 0 0 0.499577 0.090028 0.500205 0.499836 0.500665 0.500168 0.500383 0.500459] [0.499983 0.089746 0.028659 0.010644 0.005502 0.006979 0.02139 0.006802 0.011791 0.008871 0.010264 0.009599 0.009976 0.444747 0.174415 0.387905 0.248242 0.09384 0.014755 0.00041 0.003238]
[1 0.95 0.9 0.85 0.8 0.825 0.7 0.7625 0.73125 0.746875 0.739062 0.742969 0.741016 0.35 0.545508 0.25 0.2 0.15 0.1 0.05 0.075] [0 0 0 0 0 0 1e-05 0 0 0 0 0 0 0.499577 0.090028 0.500205 0.499836 0.500665 0.500168 0.500383 0.500459] [0.499983 0.089746 0.028659 0.010644 0.005502 0.006979 0.02139 0.006802 0.011791 0.008871 0.010264 0.009599 0.009976 0.444747 0.174415 0.387905 0.248242 0.09384 0.014755 0.00041 0.003238]
[1 0.95 0.9 0.85 0.8 0.825 0.7 0.7625 0.73125 0.746875 0.739062 0.742969 0.741016 0.35 0.545508 0.25 0.2 0.15 0.1 0.05 0.075] [0 0 0 0 0 0 1e-05 0 0 0 0 0 0 0.499577 0.090028 0.500205 0.499836 0.500665 0.500168 0.500383 0.500459] [0.499983 0.089746 0.028659 0.010644 0.005502 0.006979 0.02139 0.006802 0.011791 0.008871 0.010264 0.009599 0.009976 0.444747 0.174415 0.387905 0.248242 0.09384 0.014755 0.00041 0.003238]
[1 0.95 0.9 0.85 0.8 0.825 0.7 0.7625 0.73125 0.746875 0.739062 0.742969 0.741016 0.35 0.545508 0.25 0.2 0.15 0.1 0.05 0.075] [0 0 0 0 0 0 1e-05 0 0 0 0 0 0 0.499577 0.090028 0.500205 0.499836 0.500665 0.500168 0.500383 0.500459] [0.499983 0.089746 0.028659 0.010644 0.005502 0.006979 0.02139 0.006802 0.011791 0.008871 0.010264 0.009599 0.009976 0.444747 0.174415 0.387905 0.248242 0.09384 0.014755 0.00041 0.003238]
[1 0.95 0.9 0.85 0.8 0.825 0.7 0.7625 0.73125 0.746875 0.739062 0.742969 0.741016 0.35 0.545508 0.25 0.2 0.15 0.1 0.05 0.075] [0 0 0 0 0 0 1e-05 0 0 0 0 0 0 0.499577 0.090028 0.500205 0.499836 0.500665 0.500168 0.500383 0.500459] [0.499983 0.089746 0.028659 0.010644 0.005502 0.006979 0.02139 0.006802 0.011791 0.008871 0.010264 0.009599 0.009976 0.444747 0.174415 0.387905 0.248242 0.09384 0.014755 0.00041 0.003238]
[1 0.95 0.9 0.85 0.8 0.825 0.7 0.7625 0.73125 0.746875 0.739062 0.742969 0.741016 0.35 0.545508 0.25 0.2 0.15 0.1 0.05 0.075] [0 0 0 0 0 0 1e-05 0 0 0 0 0 0 0.499577 0.090028 0.500205 0.499836 0.500665 0.500168 0.500383 0.500459] [0.499983 0.089746 0.028659 0.010644 0.005502 0.006979 0.02139 0.006802 0.011791 0.008871 0.010264 0.009599 0.009976 0.444747 0.174415 0.387905 0.248242 0.09384 0.014755 0.00041 0.003238]
[1 0.95 0.9 0.85 0.8 0.825 0.7 0.7625 0.73125 0.746875 0.739062 0.742969 0.741016 0.35 0.545508 0.25 0.2 0.15 0.1 0.05 0.075] [0 0 0 0 0 0 1e-05 0 0 0 0 0 0 0.499577 0.090028 0.500205 0.499836 0.500665 0.500168 0.500383 0.500459] [0.499983 0.089746 0.028659 0.010644 0.005502 0.006979 0.02139 0.006802 0.011791 0.008871 0.010264 0.009599 0.009976 0.444747 0.174415 0.387905 0.248242 0.09384 0.014755 0.00041 0.003238]
[1 0.95 0.9 0.85 0.8 0.825 0.7 0.7625 0.73125 0.746875 0.739062 0.742969 0.741016 0.35 0.545508 0.25 0.2 0.15 0.1 0.05 0.075] [0 0 0 0 0 0 1e-05 0 0 0 0 0 0 0.499577 0.090028 0.500205 0.499836 0.500665 0.500168 0.500383 0.500459] [0.499983 0.089746 0.028659 0.010644 0.005502 0.006979 0.02139 0.006802 0.011791 0.008871 0.010264 0.009599 0.009976 0.444747 0.174415 0.387905 0.248242 0.09384 0.014755 0.00041 0.003238]
[1 0.95 0.9 0.85 0.8 0.825 0.7 0.7625 0.73125 0.746875 0.739062 0.742969 0.741016 0.35 0.545508 0.25 0.2 0.15 0.1 0.05 0.075] [0 0 0 0 0 0 1e-05 0 0 0 0 0 0 0.499577 0.090028 0.500205 0.499836 0.500665 0.500168 0.500383 0.500459] [0.499983 0.089746 0.028659 0.010644 0.005502 0.006979 0.02139 0.006802 0.011791 0.008871 0.010264 0.009599 0.009976 0.444747 0.174415 0.387905 0.248242 0.09384 0.014755 0.00041 0.003238]
[1 0.95 0.9 0.85 0.8 0.825 0.7 0.7625 0.73125 0.746875 0.739062 0.742969 0.741016 0.35 0.545508 0.25 0.2 0.15 0.1 0.05 0.075] [0 0 0 0 0 0 1e-05 0 0 0 0 0 0 0.499577 0.090028 0.500205 0.499836 0.500665 0.500168 0.500383 0.500459] [0.499983 0.089746 0.028659 0.010644 0.005502 0.006979 0.02139 0.006802 0.011791 0.008871 0.010264 0.009599 0.009976 0.444747 0.174415 0.387905 0.248242 0.09384 0.014755 0.00041 0.003238]
[1 0.95 0.9 0.85 0.8 0.825 0.7 0.7625 0.73125 0.746875 0.739062 0.742969 0.741016 0.35 0.545508 0.25 0.2 0.15 0.1 0.05 0.075] [0 0 0 0 0 0 1e-05 0 0 0 0 0 0 0.499577 0.090028 0.500205 0.499836 0.500665 0.500168 0.500383 0.500459] [0.499983 0.089746 0.028659 0.010644 0.005502 0.006979 0.02139 0.006802 0.011791 0.008871 0.010264 0.009599 0.009976 0.444747 0.174415 0.387905 0.248242 0.09384 0.014755 0.00041 0.003238]
[1 0.95 0.9 0.85 0.8 0.825 0.7 0.7625 0.73125 0.746875 0.739062 0.742969 0.741016 0.35 0.545508 0.25 0.2 0.15 0.1 0.05 0.075] [0 0 0 0 0 0 1e-05 0 0 0 0 0 0 0.499577 0.090028 0.500205 0.499836 0.500665 0.500168 0.500383 0.500459] [0.499983 0.089746 0.028659 0.010644 0.005502 0.006979 0.02139 0.006802 0.011791 0.008871 0.010264 0.009599 0.009976 0.444747 0.174415 0.387905 0.248242 0.09384 0.014755 0.00041 0.003238]
[1 0.95 0.9 0.85 0.8 0.825 0.7 0.7625 0.73125 0.746875 0.739062 0.742969 0.741016 0.35 0.545508 0.25 0.2 0.15 0.1 0.05 0.075] [0 0 0 0 0 0 1e-05 0 0 0 0 0 0 0.499577 0.090028 0.500205 0.499836 0.500665 0.500168 0.500383 0.500459] [0.499983 0.089746 0.028659 0.010644 0.005502 0.006979 0.02139 0.006802 0.011791 0.008871 0.010264 0.009599 0.009976 0.444747 0.174415 0.387905 0.248242 0.09384 0.014755 0.00041 0.003238]
[1 0.95 0.9 0.85 0.8 0.825 0.7 0.7625 0.73125 0.746875 0.739062 0.742969 0.741016 0.35 0.545508 0.25 0.2 0.15 0.1 0.05 0.075] [0 0 0 0 0 0 1e-05 0 0 0 0 0 0 0.499577 0.090028 0.500205 0.499836 0.500665 0.500168 0.500383 0.500459] [0.499983 0.089746 0.028659 0.010644 0.005502 0.006979 0.02139 0.006802 0.011791 0.008871 0.010264 0.009599 0.009976 0.444747 0.174415 0.387905 0.248242 0.09384 0.014755 0.00041 0.003238]
