116.118 133.137 2 1 0.666667 0.666667 4.000002 0.0875 400.0 1400.0 
123.72 133.137 2 1 0.666667 0.5 3.666668 0.1625 700.0 1400.0 
129.861 132.13 1 1 0.666667 0.666667 2.666668 0.18125 1100.0 1300.0 
121.626 121.626 2 1 0.666667 0.666667 4.000002 0.125 600.0 600.0 
123.72 131.043 2 1 0.666667 0.666667 4.000002 0.15 700.0 1200.0 
116.118 128.566 2 2 0.666667 0.5 4.666668 0.025 400.0 1000.0 
125.534 134.951 2 1 0.5 0.5 3.0 0.1375 800.0 1600.0 
128.566 135.775 1 1 0.666667 0.666667 2.666668 0.0875 1000.0 1700.0 
125.534 129.861 2 1 0.5 0.666667 3.333334 0.1375 800.0 1100.0 
129.861 129.861 1 1 0.666667 0.666667 2.666668 0.19375 1100.0 1100.0 
121.626 132.13 2 1 0.666667 0.666667 4.000002 0.125 600.0 1300.0 
119.149 123.72 1 2 0.666667 0.666667 4.000002 0.0375 500.0 700.0 
121.626 123.72 2 2 0.5 0.666667 4.666668 0.05 600.0 700.0 
119.149 137.286 2 1 0.666667 0.666667 4.000002 0.075 500.0 1900.0 
119.149 135.775 2 1 0.666667 0.666667 4.000002 0.0625 500.0 1700.0 
127.134 131.043 1 1 0.666667 0.666667 2.666668 0.15625 900.0 1200.0 
128.566 129.861 1 1 0.666667 0.666667 2.666668 0.18125 1000.0 1100.0 
119.149 125.534 2 2 0.666667 0.5 4.666668 0.0625 500.0 800.0 
123.72 128.566 2 1 0.666667 0.666667 4.000002 0.14375 700.0 1000.0 
127.134 133.137 1 1 0.666667 0.666667 2.666668 0.125 900.0 1400.0 
119.149 134.951 2 1 0.666667 0.666667 4.000002 0.075 500.0 1600.0 
121.626 125.534 2 1 0.666667 0.666667 4.000002 0.1375 600.0 800.0 
128.566 133.137 1 1 0.666667 0.666667 2.666668 0.15625 1000.0 1400.0 
121.626 127.134 2 1 0.666667 0.666667 4.000002 0.13125 600.0 900.0 
116.118 129.861 2 2 0.666667 0.666667 5.333336 0.025 400.0 1100.0 
116.118 135.775 2 1 0.666667 0.666667 4.000002 0.0625 400.0 1700.0 
133.137 133.137 1 1 0.5 0.666667 2.333334 0.2 1400.0 1400.0 
116.118 134.951 2 1 0.666667 0.666667 4.000002 0.0875 400.0 1600.0 
132.13 132.13 1 1 0.5 0.666667 2.333334 0.175 1300.0 1300.0 
123.72 123.72 2 1 0.666667 0.5 3.666668 0.1625 700.0 700.0 
119.149 128.566 2 1 0.666667 0.666667 4.000002 0.10625 500.0 1000.0 
121.626 128.566 2 1 0.666667 0.666667 4.000002 0.125 600.0 1000.0 
119.149 132.13 2 1 0.666667 0.666667 4.000002 0.09375 500.0 1300.0 
125.534 132.13 2 1 0.5 0.5 3.0 0.1375 800.0 1300.0 
116.118 125.534 2 2 0.666667 0.666667 5.333336 0.03125 400.0 800.0 
116.118 119.149 2 2 0.666667 0.666667 5.333336 0.05 400.0 500.0 
129.861 134.074 1 1 0.666667 0.666667 2.666668 0.13125 1100.0 1500.0 
116.118 121.626 2 2 0.666667 0.666667 5.333336 0.0375 400.0 600.0 
121.626 135.775 2 1 0.666667 0.666667 4.000002 0.09375 600.0 1700.0 
116.118 137.286 2 1 0.666667 0.666667 4.000002 0.05 400.0 1900.0 
119.149 119.149 2 2 0.666667 0.666667 5.333336 0.0625 500.0 500.0 
125.534 127.134 2 1 0.5 0.666667 3.333334 0.1625 800.0 900.0 
123.72 129.861 2 1 0.666667 0.666667 4.000002 0.1625 700.0 1100.0 
127.134 129.861 1 1 0.666667 0.666667 2.666668 0.15625 900.0 1100.0 
116.118 127.134 2 2 0.666667 0.5 4.666668 0.05 400.0 900.0 
127.134 135.775 1 1 0.666667 0.666667 2.666668 0.09375 900.0 1700.0 
127.134 132.13 1 1 0.666667 0.666667 2.666668 0.1625 900.0 1300.0 
119.149 127.134 2 2 0.5 0.666667 4.666668 0.0375 500.0 900.0 
116.118 131.043 2 1 0.666667 0.666667 4.000002 0.09375 400.0 1200.0 
123.72 132.13 2 1 0.666667 0.666667 4.000002 0.1375 700.0 1300.0 
119.149 121.626 2 2 0.666667 0.666667 5.333336 0.05625 500.0 600.0 
121.626 131.043 2 1 0.666667 0.666667 4.000002 0.125 600.0 1200.0 
116.118 136.551 2 1 0.666667 0.666667 4.000002 0.0625 400.0 1800.0 
131.043 134.074 1 1 0.666667 0.666667 2.666668 0.175 1200.0 1500.0 
119.149 136.551 2 1 0.666667 0.666667 4.000002 0.08125 500.0 1800.0 
127.134 134.074 1 1 0.666667 0.666667 2.666668 0.125 900.0 1500.0 
116.118 123.72 2 2 0.666667 0.666667 5.333336 0.0375 400.0 700.0 
131.043 132.13 1 1 0.666667 0.666667 2.666668 0.19375 1200.0 1300.0 
131.043 135.775 1 1 0.5 0.5 2.0 0.14375 1200.0 1700.0 
121.626 134.951 2 1 0.666667 0.666667 4.000002 0.1 600.0 1600.0 
121.626 136.551 2 1 0.666667 0.5 3.666668 0.11875 600.0 1800.0 
116.118 132.13 2 2 0.666667 0.5 4.666668 0.03125 400.0 1300.0 
121.626 129.861 2 1 0.666667 0.666667 4.000002 0.13125 600.0 1100.0 
119.149 131.043 2 1 0.666667 0.666667 4.000002 0.10625 500.0 1200.0 
127.134 128.566 1 1 0.666667 0.666667 2.666668 0.15625 900.0 1000.0 
127.134 134.951 1 1 0.666667 0.666667 2.666668 0.09375 900.0 1600.0 
125.534 133.137 2 1 0.5 0.5 3.0 0.1375 800.0 1400.0 
121.626 133.137 2 1 0.666667 0.666667 4.000002 0.10625 600.0 1400.0 
119.149 134.074 2 1 0.666667 0.666667 4.000002 0.09375 500.0 1500.0 
129.861 137.286 1 1 0.666667 0.5 2.333334 0.1625 1100.0 1900.0 
123.72 127.134 2 1 0.5 0.666667 3.333334 0.15 700.0 900.0 
121.626 134.074 2 1 0.666667 0.666667 4.000002 0.1 600.0 1500.0 
125.534 125.534 2 1 0.5 0.666667 3.333334 0.13125 800.0 800.0 
123.72 136.551 2 1 0.5 0.5 3.0 0.13125 700.0 1800.0 
125.534 131.043 2 1 0.5 0.666667 3.333334 0.15 800.0 1200.0 
125.534 135.775 2 1 0.5 0.5 3.0 0.1 800.0 1700.0 
119.149 133.137 2 1 0.666667 0.666667 4.000002 0.1 500.0 1400.0 
128.566 134.951 1 1 0.666667 0.666667 2.666668 0.125 1000.0 1600.0 
116.118 116.118 2 2 0.666667 0.666667 5.333336 0.05 400.0 400.0 
132.13 137.286 1 1 0.5 0.5 2.0 0.175 1300.0 1900.0 
127.134 137.286 1 1 0.666667 0.5 2.333334 0.1125 900.0 1900.0 
132.13 133.137 1 1 0.5 0.666667 2.333334 0.125 1300.0 1400.0 
119.149 129.861 2 2 0.666667 0.5 4.666668 0.05 500.0 1100.0 
131.043 136.551 1 1 0.5 0.5 2.0 0.14375 1200.0 1800.0 
128.566 134.074 1 1 0.666667 0.666667 2.666668 0.1375 1000.0 1500.0 
123.72 137.286 2 1 0.5 0.5 3.0 0.1125 700.0 1900.0 
132.13 134.074 1 1 0.5 0.666667 2.333334 0.15 1300.0 1500.0 
123.72 135.775 2 1 0.666667 0.5 3.666668 0.125 700.0 1700.0 
131.043 133.137 1 1 0.5 0.666667 2.333334 0.15625 1200.0 1400.0 
129.861 134.951 1 1 0.666667 0.666667 2.666668 0.1625 1100.0 1600.0 
129.861 136.551 1 1 0.666667 0.5 2.333334 0.1875 1100.0 1800.0 
125.534 128.566 2 1 0.5 0.5 3.0 0.1375 800.0 1000.0 
132.13 136.551 1 1 0.5 0.5 2.0 0.175 1300.0 1800.0 
128.566 137.286 1 1 0.666667 0.5 2.333334 0.125 1000.0 1900.0 
131.043 134.951 1 1 0.666667 0.5 2.333334 0.2 1200.0 1600.0 
125.534 136.551 2 1 0.5 0.5 3.0 0.1625 800.0 1800.0 
121.626 137.286 2 1 0.666667 0.5 3.666668 0.13125 600.0 1900.0 
123.72 125.534 2 1 0.666667 0.666667 4.000002 0.125 700.0 800.0 
125.534 134.074 2 1 0.5 0.5 3.0 0.15 800.0 1500.0 
116.118 134.074 2 1 0.666667 0.666667 4.000002 0.075 400.0 1500.0 
123.72 134.951 2 1 0.5 0.5 3.0 0.14375 700.0 1600.0 
128.566 131.043 1 1 0.666667 0.666667 2.666668 0.175 1000.0 1200.0 
127.134 127.134 1 1 0.666667 0.666667 2.666668 0.1625 900.0 900.0 
127.134 136.551 1 1 0.666667 0.666667 2.666668 0.075 900.0 1800.0 
129.861 131.043 1 1 0.666667 0.666667 2.666668 0.1875 1100.0 1200.0 
131.043 131.043 1 1 0.666667 0.666667 2.666668 0.2 1200.0 1200.0 
133.137 134.074 1 1 0.5 0.5 2.0 0.21875 1400.0 1500.0 
132.13 134.951 1 1 0.5 0.5 2.0 0.175 1300.0 1600.0 
123.72 134.074 2 1 0.5 0.666667 3.333334 0.09375 700.0 1500.0 
129.861 135.775 1 1 0.666667 0.5 2.333334 0.15625 1100.0 1700.0 
125.534 137.286 1 1 0.666667 0.666667 2.666668 0.075 800.0 1900.0 
128.566 128.566 1 1 0.666667 0.666667 2.666668 0.1875 1000.0 1000.0 
129.861 133.137 1 1 0.666667 0.666667 2.666668 0.175 1100.0 1400.0 
133.137 134.951 1 1 0.5 0.666667 2.333334 0.15 1400.0 1600.0 
131.043 137.286 1 1 0.5 0.5 2.0 0.125 1200.0 1900.0 
128.566 136.551 1 1 0.666667 0.5 2.333334 0.14375 1000.0 1800.0 
128.566 132.13 1 1 0.666667 0.666667 2.666668 0.15 1000.0 1300.0 
132.13 135.775 1 1 0.5 0.5 2.0 0.15625 1300.0 1700.0 
