116.118 133.137 2 1 0.666667 0.666667 4.000002
123.72 133.137 2 1 0.666667 0.5 3.666668
129.861 132.13 1 1 0.666667 0.666667 2.666668
121.626 121.626 2 1 0.666667 0.666667 4.000002
123.72 131.043 2 1 0.666667 0.666667 4.000002
116.118 128.566 2 2 0.666667 0.5 4.666668
125.534 134.951 2 1 0.5 0.5 3.0
128.566 135.775 1 1 0.666667 0.666667 2.666668
125.534 129.861 2 1 0.5 0.666667 3.333334
129.861 129.861 1 1 0.666667 0.666667 2.666668
121.626 132.13 2 1 0.666667 0.666667 4.000002
119.149 123.72 1 2 0.666667 0.666667 4.000002
121.626 123.72 2 1 0.666667 0.666667 4.666668
119.149 137.286 2 1 0.666667 0.666667 4.000002
119.149 135.775 2 1 0.666667 0.666667 4.000002
127.134 131.043 1 1 0.666667 0.666667 2.666668
128.566 129.861 1 1 0.666667 0.666667 2.666668
119.149 125.534 2 2 0.666667 0.5 4.666668
123.72 128.566 2 1 0.666667 0.666667 4.000002
127.134 133.137 1 1 0.666667 0.666667 2.666668
119.149 134.951 2 1 0.666667 0.666667 4.000002
121.626 125.534 2 1 0.666667 0.666667 4.000002
128.566 133.137 1 1 0.666667 0.666667 2.666668
121.626 127.134 2 1 0.666667 0.666667 4.000002
116.118 129.861 2 2 0.666667 0.5 5.333336
116.118 135.775 2 1 0.666667 0.666667 4.000002
133.137 133.137 1 1 0.5 0.666667 2.333334
116.118 134.951 2 1 0.666667 0.666667 4.000002
132.13 132.13 1 1 0.5 0.666667 2.333334
123.72 123.72 2 1 0.666667 0.666667 3.666668
119.149 128.566 2 2 0.666667 0.5 4.000002
121.626 128.566 2 1 0.666667 0.666667 4.000002
119.149 132.13 2 1 0.666667 0.666667 4.000002
125.534 132.13 2 1 0.5 0.5 3.0
116.118 125.534 2 2 0.666667 0.666667 5.333336
116.118 119.149 2 2 0.666667 0.666667 5.333336
129.861 134.074 1 1 0.666667 0.666667 2.666668
116.118 121.626 2 2 0.666667 0.666667 5.333336
121.626 135.775 2 1 0.666667 0.666667 4.000002
116.118 137.286 2 1 0.666667 0.666667 4.000002
119.149 119.149 2 2 0.666667 0.666667 5.333336
125.534 127.134 2 1 0.5 0.666667 3.333334
123.72 129.861 2 1 0.666667 0.666667 4.000002
127.134 129.861 1 1 0.666667 0.666667 2.666668
116.118 127.134 2 2 0.666667 0.5 4.666668
127.134 135.775 1 1 0.666667 0.666667 2.666668
127.134 132.13 1 1 0.666667 0.666667 2.666668
119.149 127.134 2 2 0.666667 0.5 4.666668
116.118 131.043 2 2 0.666667 0.5 4.000002
123.72 132.13 2 1 0.666667 0.666667 4.000002
119.149 121.626 2 2 0.666667 0.666667 5.333336
121.626 131.043 2 1 0.666667 0.666667 4.000002
116.118 136.551 2 1 0.666667 0.666667 4.000002
131.043 134.074 1 1 0.666667 0.666667 2.666668
119.149 136.551 2 1 0.666667 0.666667 4.000002
127.134 134.074 1 1 0.666667 0.666667 2.666668
116.118 123.72 2 2 0.666667 0.666667 5.333336
131.043 132.13 1 1 0.666667 0.666667 2.666668
131.043 135.775 1 1 0.5 0.5 2.0
121.626 134.951 2 1 0.666667 0.666667 4.000002
121.626 136.551 2 1 0.666667 0.5 3.666668
116.118 132.13 2 2 0.666667 0.5 4.666668
121.626 129.861 2 1 0.666667 0.666667 4.000002
119.149 131.043 2 1 0.666667 0.666667 4.000002
127.134 128.566 1 1 0.666667 0.666667 2.666668
127.134 134.951 1 1 0.666667 0.666667 2.666668
125.534 133.137 2 1 0.5 0.5 3.0
121.626 133.137 2 1 0.666667 0.666667 4.000002
119.149 134.074 2 1 0.666667 0.666667 4.000002
129.861 137.286 1 1 0.666667 0.5 2.333334
123.72 127.134 2 1 0.666667 0.666667 3.333334
121.626 134.074 2 1 0.666667 0.666667 4.000002
125.534 125.534 2 1 0.5 0.666667 3.333334
123.72 136.551 2 1 0.5 0.5 3.0
125.534 131.043 2 1 0.5 0.666667 3.333334
125.534 135.775 2 1 0.5 0.5 3.0
119.149 133.137 2 1 0.666667 0.666667 4.000002
128.566 134.951 1 1 0.666667 0.666667 2.666668
116.118 116.118 2 2 0.666667 0.666667 5.333336
132.13 137.286 1 1 0.5 0.5 2.0
127.134 137.286 1 1 0.666667 0.5 2.333334
132.13 133.137 1 1 0.5 0.666667 2.333334
119.149 129.861 2 2 0.666667 0.5 4.666668
131.043 136.551 1 1 0.5 0.5 2.0
128.566 134.074 1 1 0.666667 0.666667 2.666668
123.72 137.286 2 1 0.5 0.5 3.0
132.13 134.074 1 1 0.5 0.666667 2.333334
123.72 135.775 2 1 0.666667 0.5 3.666668
131.043 133.137 1 1 0.666667 0.666667 2.333334
129.861 134.951 1 1 0.666667 0.666667 2.666668
129.861 136.551 1 1 0.666667 0.5 2.333334
125.534 128.566 2 1 0.5 0.666667 3.0
132.13 136.551 1 1 0.5 0.5 2.0
128.566 137.286 1 1 0.666667 0.5 2.333334
131.043 134.951 1 1 0.666667 0.5 2.333334
125.534 136.551 2 1 0.5 0.5 3.0
121.626 137.286 2 1 0.666667 0.5 3.666668
123.72 125.534 2 1 0.666667 0.666667 4.000002
125.534 134.074 2 1 0.5 0.5 3.0
116.118 134.074 2 1 0.666667 0.666667 4.000002
123.72 134.951 2 1 0.666667 0.5 3.0
128.566 131.043 1 1 0.666667 0.666667 2.666668
127.134 127.134 1 1 0.666667 0.666667 2.666668
127.134 136.551 1 1 0.666667 0.666667 2.666668
129.861 131.043 1 1 0.666667 0.666667 2.666668
131.043 131.043 1 1 0.666667 0.666667 2.666668
133.137 134.074 1 1 0.5 0.5 2.0
132.13 134.951 1 1 0.5 0.5 2.0
123.72 134.074 2 1 0.666667 0.5 3.333334
129.861 135.775 1 1 0.666667 0.5 2.333334
125.534 137.286 1 1 0.666667 0.666667 2.666668
128.566 128.566 1 1 0.666667 0.666667 2.666668
129.861 133.137 1 1 0.666667 0.666667 2.666668
133.137 134.951 1 1 0.5 0.5 2.333334
131.043 137.286 1 1 0.5 0.5 2.0
128.566 136.551 1 1 0.666667 0.5 2.333334
128.566 132.13 1 1 0.666667 0.666667 2.666668
132.13 135.775 1 1 0.5 0.5 2.0
