[1 0.95 0.9 0.85 0.8 0.75 0.7 0.65 0.6 0.55 0.5 0.45 0.4 0.35 0.3 0.25 0.2 0.15 0.1 0.05 0] [0 0 0 0 0 0 8e-06 0.00057 0.010826 0.079162 0.250042 0.42106 0.489529 0.498998 0.499131 0.499066 0.500254 0.500574 0.499693 0.500233 0.498874] [0.50051 0.089672 0.028966 0.010486 0.005564 0.008572 0.021527 0.049814 0.09866 0.167754 0.249422 0.332215 0.401307 0.444339 0.448547 0.386628 0.248408 0.093892 0.014259 0.000389 0]
[1 0.95 0.9 0.85 0.8 0.75 0.7 0.65 0.6 0.55 0.5 0.45 0.4 0.35 0.3 0.25 0.2 0.15 0.1 0.05 0] [0 0 0 0 0 0 8e-06 0.00057 0.010826 0.079162 0.250042 0.42106 0.489529 0.498998 0.499131 0.499066 0.500254 0.500574 0.499693 0.500233 0.498874] [0.50051 0.089672 0.028966 0.010486 0.005564 0.008572 0.021527 0.049814 0.09866 0.167754 0.249422 0.332215 0.401307 0.444339 0.448547 0.386628 0.248408 0.093892 0.014259 0.000389 0]
[1 0.95 0.9 0.85 0.8 0.75 0.7 0.65 0.6 0.55 0.5 0.45 0.4 0.35 0.3 0.25 0.2 0.15 0.1 0.05 0] [0 0 0 0 0 0 8e-06 0.00057 0.010826 0.079162 0.250042 0.42106 0.489529 0.498998 0.499131 0.499066 0.500254 0.500574 0.499693 0.500233 0.498874] [0.50051 0.089672 0.028966 0.010486 0.005564 0.008572 0.021527 0.049814 0.09866 0.167754 0.249422 0.332215 0.401307 0.444339 0.448547 0.386628 0.248408 0.093892 0.014259 0.000389 0]
[1 0.95 0.9 0.85 0.8 0.75 0.7 0.65 0.6 0.55 0.5 0.45 0.4 0.35 0.3 0.25 0.2 0.15 0.1 0.05 0] [0 0 0 0 0 0 8e-06 0.00057 0.010826 0.079162 0.250042 0.42106 0.489529 0.498998 0.499131 0.499066 0.500254 0.500574 0.499693 0.500233 0.498874] [0.50051 0.089672 0.028966 0.010486 0.005564 0.008572 0.021527 0.049814 0.09866 0.167754 0.249422 0.332215 0.401307 0.444339 0.448547 0.386628 0.248408 0.093892 0.014259 0.000389 0]
[1 0.95 0.9 0.85 0.8 0.75 0.7 0.65 0.6 0.55 0.5 0.45 0.4 0.35 0.3 0.25 0.2 0.15 0.1 0.05 0] [0 0 0 0 0 0 8e-06 0.00057 0.010826 0.079162 0.250042 0.42106 0.489529 0.498998 0.499131 0.499066 0.500254 0.500574 0.499693 0.500233 0.498874] [0.50051 0.089672 0.028966 0.010486 0.005564 0.008572 0.021527 0.049814 0.09866 0.167754 0.249422 0.332215 0.401307 0.444339 0.448547 0.386628 0.248408 0.093892 0.014259 0.000389 0]
[1 0.95 0.9 0.85 0.8 0.75 0.7 0.65 0.6 0.55 0.5 0.45 0.4 0.35 0.3 0.25 0.2 0.15 0.1 0.05 0] [0 0 0 0 0 0 8e-06 0.00057 0.010826 0.079162 0.250042 0.42106 0.489529 0.498998 0.499131 0.499066 0.500254 0.500574 0.499693 0.500233 0.498874] [0.50051 0.089672 0.028966 0.010486 0.005564 0.008572 0.021527 0.049814 0.09866 0.167754 0.249422 0.332215 0.401307 0.444339 0.448547 0.386628 0.248408 0.093892 0.014259 0.000389 0]
[1 0.95 0.9 0.85 0.8 0.75 0.7 0.65 0.6 0.55 0.5 0.45 0.4 0.35 0.3 0.25 0.2 0.15 0.1 0.05 0] [0 0 0 0 0 0 8e-06 0.00057 0.010826 0.079162 0.250042 0.42106 0.489529 0.498998 0.499131 0.499066 0.500254 0.500574 0.499693 0.500233 0.498874] [0.50051 0.089672 0.028966 0.010486 0.005564 0.008572 0.021527 0.049814 0.09866 0.167754 0.249422 0.332215 0.401307 0.444339 0.448547 0.386628 0.248408 0.093892 0.014259 0.000389 0]
[1 0.95 0.9 0.85 0.8 0.75 0.7 0.65 0.6 0.55 0.5 0.45 0.4 0.35 0.3 0.25 0.2 0.15 0.1 0.05 0] [0 0 0 0 0 0 8e-06 0.00057 0.010826 0.079162 0.250042 0.42106 0.489529 0.498998 0.499131 0.499066 0.500254 0.500574 0.499693 0.500233 0.498874] [0.50051 0.089672 0.028966 0.010486 0.005564 0.008572 0.021527 0.049814 0.09866 0.167754 0.249422 0.332215 0.401307 0.444339 0.448547 0.386628 0.248408 0.093892 0.014259 0.000389 0]
[1 0.95 0.9 0.85 0.8 0.75 0.7 0.65 0.6 0.55 0.5 0.45 0.4 0.35 0.3 0.25 0.2 0.15 0.1 0.05 0] [0 0 0 0 0 0 8e-06 0.00057 0.010826 0.079162 0.250042 0.42106 0.489529 0.498998 0.499131 0.499066 0.500254 0.500574 0.499693 0.500233 0.498874] [0.50051 0.089672 0.028966 0.010486 0.005564 0.008572 0.021527 0.049814 0.09866 0.167754 0.249422 0.332215 0.401307 0.444339 0.448547 0.386628 0.248408 0.093892 0.014259 0.000389 0]
[1 0.95 0.9 0.85 0.8 0.75 0.7 0.65 0.6 0.55 0.5 0.45 0.4 0.35 0.3 0.25 0.2 0.15 0.1 0.05 0] [0 0 0 0 0 0 8e-06 0.00057 0.010826 0.079162 0.250042 0.42106 0.489529 0.498998 0.499131 0.499066 0.500254 0.500574 0.499693 0.500233 0.498874] [0.50051 0.089672 0.028966 0.010486 0.005564 0.008572 0.021527 0.049814 0.09866 0.167754 0.249422 0.332215 0.401307 0.444339 0.448547 0.386628 0.248408 0.093892 0.014259 0.000389 0]
[1 0.95 0.9 0.85 0.8 0.75 0.7 0.65 0.6 0.55 0.5 0.45 0.4 0.35 0.3 0.25 0.2 0.15 0.1 0.05 0] [0 0 0 0 0 0 8e-06 0.00057 0.010826 0.079162 0.250042 0.42106 0.489529 0.498998 0.499131 0.499066 0.500254 0.500574 0.499693 0.500233 0.498874] [0.50051 0.089672 0.028966 0.010486 0.005564 0.008572 0.021527 0.049814 0.09866 0.167754 0.249422 0.332215 0.401307 0.444339 0.448547 0.386628 0.248408 0.093892 0.014259 0.000389 0]
[1 0.95 0.9 0.85 0.8 0.75 0.7 0.65 0.6 0.55 0.5 0.45 0.4 0.35 0.3 0.25 0.2 0.15 0.1 0.05 0] [0 0 0 0 0 0 8e-06 0.00057 0.010826 0.079162 0.250042 0.42106 0.489529 0.498998 0.499131 0.499066 0.500254 0.500574 0.499693 0.500233 0.498874] [0.50051 0.089672 0.028966 0.010486 0.005564 0.008572 0.021527 0.049814 0.09866 0.167754 0.249422 0.332215 0.401307 0.444339 0.448547 0.386628 0.248408 0.093892 0.014259 0.000389 0]
[1 0.95 0.9 0.85 0.8 0.75 0.7 0.65 0.6 0.55 0.5 0.45 0.4 0.35 0.3 0.25 0.2 0.15 0.1 0.05 0] [0 0 0 0 0 0 8e-06 0.00057 0.010826 0.079162 0.250042 0.42106 0.489529 0.498998 0.499131 0.499066 0.500254 0.500574 0.499693 0.500233 0.498874] [0.50051 0.089672 0.028966 0.010486 0.005564 0.008572 0.021527 0.049814 0.09866 0.167754 0.249422 0.332215 0.401307 0.444339 0.448547 0.386628 0.248408 0.093892 0.014259 0.000389 0]
[1 0.95 0.9 0.85 0.8 0.75 0.7 0.65 0.6 0.55 0.5 0.45 0.4 0.35 0.3 0.25 0.2 0.15 0.1 0.05 0] [0 0 0 0 0 0 8e-06 0.00057 0.010826 0.079162 0.250042 0.42106 0.489529 0.498998 0.499131 0.499066 0.500254 0.500574 0.499693 0.500233 0.498874] [0.50051 0.089672 0.028966 0.010486 0.005564 0.008572 0.021527 0.049814 0.09866 0.167754 0.249422 0.332215 0.401307 0.444339 0.448547 0.386628 0.248408 0.093892 0.014259 0.000389 0]
[1 0.95 0.9 0.85 0.8 0.75 0.7 0.65 0.6 0.55 0.5 0.45 0.4 0.35 0.3 0.25 0.2 0.15 0.1 0.05 0] [0 0 0 0 0 0 8e-06 0.00057 0.010826 0.079162 0.250042 0.42106 0.489529 0.498998 0.499131 0.499066 0.500254 0.500574 0.499693 0.500233 0.498874] [0.50051 0.089672 0.028966 0.010486 0.005564 0.008572 0.021527 0.049814 0.09866 0.167754 0.249422 0.332215 0.401307 0.444339 0.448547 0.386628 0.248408 0.093892 0.014259 0.000389 0]
[1 0.95 0.9 0.85 0.8 0.75 0.7 0.65 0.6 0.55 0.5 0.45 0.4 0.35 0.3 0.25 0.2 0.15 0.1 0.05 0] [0 0 0 0 0 0 8e-06 0.00057 0.010826 0.079162 0.250042 0.42106 0.489529 0.498998 0.499131 0.499066 0.500254 0.500574 0.499693 0.500233 0.498874] [0.50051 0.089672 0.028966 0.010486 0.005564 0.008572 0.021527 0.049814 0.09866 0.167754 0.249422 0.332215 0.401307 0.444339 0.448547 0.386628 0.248408 0.093892 0.014259 0.000389 0]
[1 0.95 0.9 0.85 0.8 0.75 0.7 0.65 0.6 0.55 0.5 0.45 0.4 0.35 0.3 0.25 0.2 0.15 0.1 0.05 0] [0 0 0 0 0 0 8e-06 0.00057 0.010826 0.079162 0.250042 0.42106 0.489529 0.498998 0.499131 0.499066 0.500254 0.500574 0.499693 0.500233 0.498874] [0.50051 0.089672 0.028966 0.010486 0.005564 0.008572 0.021527 0.049814 0.09866 0.167754 0.249422 0.332215 0.401307 0.444339 0.448547 0.386628 0.248408 0.093892 0.014259 0.000389 0]
[1 0.95 0.9 0.85 0.8 0.75 0.7 0.65 0.6 0.55 0.5 0.45 0.4 0.35 0.3 0.25 0.2 0.15 0.1 0.05 0] [0 0 0 0 0 0 8e-06 0.00057 0.010826 0.079162 0.250042 0.42106 0.489529 0.498998 0.499131 0.499066 0.500254 0.500574 0.499693 0.500233 0.498874] [0.50051 0.089672 0.028966 0.010486 0.005564 0.008572 0.021527 0.049814 0.09866 0.167754 0.249422 0.332215 0.401307 0.444339 0.448547 0.386628 0.248408 0.093892 0.014259 0.000389 0]
[1 0.95 0.9 0.85 0.8 0.75 0.7 0.65 0.6 0.55 0.5 0.45 0.4 0.35 0.3 0.25 0.2 0.15 0.1 0.05 0] [0 0 0 0 0 0 8e-06 0.00057 0.010826 0.079162 0.250042 0.42106 0.489529 0.498998 0.499131 0.499066 0.500254 0.500574 0.499693 0.500233 0.498874] [0.50051 0.089672 0.028966 0.010486 0.005564 0.008572 0.021527 0.049814 0.09866 0.167754 0.249422 0.332215 0.401307 0.444339 0.448547 0.386628 0.248408 0.093892 0.014259 0.000389 0]
[1 0.95 0.9 0.85 0.8 0.75 0.7 0.65 0.6 0.55 0.5 0.45 0.4 0.35 0.3 0.25 0.2 0.15 0.1 0.05 0] [0 0 0 0 0 0 8e-06 0.00057 0.010826 0.079162 0.250042 0.42106 0.489529 0.498998 0.499131 0.499066 0.500254 0.500574 0.499693 0.500233 0.498874] [0.50051 0.089672 0.028966 0.010486 0.005564 0.008572 0.021527 0.049814 0.09866 0.167754 0.249422 0.332215 0.401307 0.444339 0.448547 0.386628 0.248408 0.093892 0.014259 0.000389 0]
